	TVF.2004.Loc4.D10.Rep1.414474	sp1565.486407	sp0193.486346	SE.20100928.GY.NF008.BC.093.a.673660	E3E04.826190	sp1017.486420	ANT04.S2M1.607431	UQ288.591065	sp0759.486364	nest.WY.2008.3.712186.739059	SE.20101009.GY.ALTFF002.BC.225.415346	1204BCDNA.486523	Zambon.Leftpalm.983763	H55Kc.735962	Myr.tri.Seat.4.03H10.653706	10.8.12.rk.st.0800.1123130	EM086.441698	C.3037.01.S1.405123	NA.15.T0.830848	soil1.T3U1.536591	SSBE21Aug08.618423	Turkey.Stool.983766	TBH12Aug08.618303	P.Dois.Rios.SB.414865	H60Do.735986	SPM1x040108.142616	L08A095.799873	F31Forr.140586	B.2004.01.S1.405609	PM8x30308.142380	TS152.2.299097	SPM1x030408.142594	S00305.543918	must.18.1128116	F32Hair.140769	CBE09Aug07.617917	TS1.2.299121	HI.20.35e.2.281673	FL.3.26a.1.281867	cf1170.632724	FL.3.32a.3.281781	M11Nstl.140810	21.ill.mucosa.WT.676371	Calh5.385340	CU3258.141544	50.col.lumen.TG.676359	fut2negative.day56.70.Regular.1004900	cf1126.633182	6b3f4f4e221ccf8bbfc57e52791ed288	42265f3f55dd9c4c9b4feaee53b1f4fc	mf2188.633126	9f400082bffeb4494d4497ef084ffe94	B26.737560	75f78e4c6e0dc6e4a62f570c1bc9a339	b76ecf3dd46fcab94418c68c6fcd8ada	920cce1ef960ffc7343eb5628636a37e	bb08145b2a3724c42967dc2dbdab5c3b	ME10May08EB1R1.486639	4d366f8db0835339ed3c686415599480	WT07L.478428
TVF.2004.Loc4.D10.Rep1.414474	0.0	0.708299	0.690939	0.676144	0.583208	0.605839	0.637519	0.508365	0.684265	0.61848	0.622458	0.702855	1.060346	0.543093	0.572759	1.070903	1.001648	0.926191	0.708988	0.581055	0.555158	0.734062	0.653625	0.522065	0.539864	0.788336	0.538457	0.671634	0.856048	0.918215	0.760067	0.674525	0.841454	0.715594	0.646124	0.585856	0.83607	0.406373	0.404791	0.796272	0.453433	0.495384	0.811754	0.300676	0.672072	0.916685	0.878352	0.857871	0.610981	0.582042	0.799339	0.631655	0.565812	1.217297	0.767219	0.586586	0.54654	0.560322	0.600455	0.853539
sp1565.486407	0.708299	0.0	0.588812	0.623835	0.651409	0.44658	0.449626	0.835534	0.214426	0.514325	0.661693	0.275306	0.949745	0.74985	0.735556	0.964874	0.900191	0.820162	0.799175	0.663854	0.633481	0.863347	0.691246	0.594912	0.718559	0.764589	0.585788	0.825685	0.756877	0.82133	0.878024	0.792482	0.944179	0.801701	0.879437	0.717465	0.741471	0.626554	0.62599	0.843377	0.567554	0.687859	0.858859	0.618835	0.607379	0.86795	0.779181	0.86373	0.716866	0.628929	0.655876	0.719956	0.532341	1.282292	0.885176	0.623795	0.498821	0.670019	0.718412	0.717646
sp0193.486346	0.690939	0.588812	0.0	0.792021	0.764645	0.666666	0.628654	0.801626	0.64633	0.569455	0.808481	0.673504	0.787829	0.727516	0.77467	0.798386	0.733703	0.653674	0.776259	0.792882	0.728973	0.926097	0.777102	0.68385	0.789261	0.805171	0.667148	0.778689	0.655755	0.79106	0.918606	0.833064	0.929141	0.832577	0.756859	0.767293	0.782053	0.73042	0.749024	0.883959	0.697258	0.686143	0.899441	0.737989	0.684837	0.758448	0.678059	0.58495	0.7909	0.684337	0.762704	0.83514	0.702035	1.38629	0.925758	0.782067	0.688469	0.602253	0.758994	0.61535
SE.20100928.GY.NF008.BC.093.a.673660	0.676144	0.623835	0.792021	0.0	0.43912	0.404643	0.572363	0.762237	0.536833	0.629752	0.306588	0.610271	1.028516	0.673171	0.580383	1.043645	0.978962	0.898933	0.807094	0.591303	0.592316	0.754178	0.553823	0.525925	0.716784	0.772508	0.450559	0.759656	0.835648	0.900101	0.804727	0.719185	0.881246	0.73233	0.8019	0.564502	0.820242	0.598783	0.568359	0.780444	0.590155	0.592722	0.795926	0.620804	0.562146	0.946721	0.857952	0.942501	0.559733	0.539908	0.721777	0.600279	0.552944	0.988619	0.811879	0.444224	0.693086	0.671112	0.645115	0.767253
E3E04.826190	0.583208	0.651409	0.764645	0.43912	0.0	0.403419	0.592081	0.669123	0.565707	0.6077	0.474574	0.638795	1.054806	0.555113	0.430053	1.067649	1.002966	0.922937	0.77598	0.601357	0.54575	0.621918	0.555429	0.474139	0.62913	0.796512	0.315717	0.674966	0.859652	0.924105	0.768243	0.682701	0.845674	0.675322	0.71721	0.454544	0.844246	0.516885	0.529029	0.804448	0.502501	0.503792	0.81993	0.518768	0.527762	0.962345	0.881956	0.910885	0.420365	0.603606	0.668359	0.452861	0.492122	1.166457	0.775395	0.213252	0.59504	0.653108	0.608631	0.787601
sp1017.486420	0.605839	0.44658	0.666666	0.404643	0.403419	0.0	0.461954	0.733074	0.358222	0.548161	0.460265	0.479172	0.988989	0.644008	0.57696	1.004118	0.939435	0.859406	0.767567	0.53223	0.517535	0.750755	0.54504	0.463288	0.651267	0.732981	0.396048	0.714885	0.796121	0.860574	0.775564	0.690022	0.841719	0.690901	0.776977	0.530553	0.780715	0.547426	0.508948	0.740917	0.524638	0.563559	0.756399	0.550499	0.516345	0.907194	0.818425	0.902974	0.518412	0.542181	0.70799	0.583986	0.458773	1.171492	0.782716	0.360903	0.580733	0.631467	0.615952	0.727726
ANT04.S2M1.607431	0.637519	0.449626	0.628654	0.572363	0.592081	0.461954	0.0	0.800836	0.381556	0.567287	0.626387	0.442602	1.007231	0.713612	0.65556	1.017788	0.953105	0.873076	0.626985	0.608718	0.547139	0.813571	0.639956	0.534122	0.723227	0.746651	0.51758	0.805823	0.809791	0.874244	0.860086	0.774544	0.917861	0.793691	0.844739	0.665145	0.794385	0.6182	0.536944	0.825439	0.60814	0.588585	0.840921	0.588735	0.558515	0.843738	0.832095	0.899884	0.675212	0.579497	0.707172	0.63831	0.570447	1.273096	0.867238	0.576751	0.595919	0.577917	0.700474	0.745968
UQ288.591065	0.508365	0.835534	0.801626	0.762237	0.669123	0.733074	0.800836	0.0	0.805526	0.718535	0.733529	0.824116	1.123355	0.610392	0.686568	1.133912	1.064657	0.9892	0.816197	0.648764	0.697685	0.825087	0.711492	0.608136	0.693625	0.849059	0.611482	0.778633	0.919057	0.981224	0.818504	0.732962	0.904823	0.805711	0.702037	0.643723	0.899079	0.579376	0.617776	0.854709	0.60746	0.596021	0.870191	0.597829	0.743025	1.02175	0.941361	0.939124	0.679722	0.662247	0.87389	0.716322	0.694039	1.296018	0.825656	0.678345	0.644325	0.661685	0.658892	0.90564
sp0759.486364	0.684265	0.214426	0.64633	0.536833	0.565707	0.358222	0.381556	0.805526	0.0	0.545991	0.601011	0.206656	0.990589	0.71646	0.672414	1.005718	0.941035	0.861006	0.769167	0.605868	0.584829	0.823207	0.632074	0.534084	0.689737	0.734581	0.498758	0.791507	0.797721	0.862174	0.848016	0.762474	0.914171	0.768709	0.849429	0.646751	0.782315	0.596546	0.587374	0.813369	0.554052	0.636011	0.828851	0.594801	0.548207	0.908794	0.820025	0.904574	0.646152	0.598921	0.70959	0.65828	0.506219	1.248114	0.855168	0.525223	0.470895	0.640011	0.688404	0.729326
nest.WY.2008.3.712186.739059	0.61848	0.514325	0.569455	0.629752	0.6077	0.548161	0.567287	0.718535	0.545991	0.0	0.651842	0.564581	0.940992	0.673215	0.671491	0.953835	0.889152	0.809123	0.726602	0.506061	0.51543	0.804634	0.544783	0.505767	0.559782	0.743186	0.503027	0.701826	0.745838	0.810291	0.840771	0.755229	0.861242	0.681344	0.751408	0.572886	0.730432	0.523511	0.584881	0.81161	0.504063	0.613952	0.827092	0.548064	0.538018	0.848531	0.768142	0.801521	0.588125	0.612664	0.674547	0.700123	0.48602	1.252953	0.847923	0.570948	0.543226	0.561906	0.681159	0.654551
SE.20101009.GY.ALTFF002.BC.225.415346	0.622458	0.661693	0.808481	0.306588	0.474574	0.460265	0.626387	0.733529	0.601011	0.651842	0.0	0.653423	1.070962	0.654495	0.605357	1.083805	1.019122	0.939093	0.83519	0.608493	0.494102	0.766104	0.605983	0.471657	0.67157	0.812668	0.509361	0.715628	0.875808	0.940261	0.784399	0.698857	0.913026	0.697782	0.773192	0.531008	0.860402	0.567729	0.504299	0.820604	0.544941	0.575422	0.836086	0.567118	0.593926	0.974817	0.898112	0.974281	0.526239	0.576088	0.796913	0.589739	0.536602	0.967591	0.791551	0.449284	0.649058	0.699364	0.624787	0.809699
1204BCDNA.486523	0.702855	0.275306	0.673504	0.610271	0.638795	0.479172	0.442602	0.824116	0.206656	0.564581	0.653423	0.0	1.009179	0.736892	0.737008	1.024308	0.959625	0.879596	0.787757	0.653622	0.632583	0.864799	0.679828	0.581838	0.708327	0.753171	0.571846	0.810097	0.816311	0.880764	0.866606	0.781064	0.932761	0.787299	0.868019	0.694505	0.800905	0.615136	0.620546	0.831959	0.53399	0.676441	0.847441	0.613391	0.595961	0.927384	0.838615	0.923164	0.693906	0.614563	0.72818	0.718884	0.524071	1.266704	0.873758	0.598311	0.489485	0.658601	0.706994	0.77708
Zambon.Leftpalm.983763	1.060346	0.949745	0.787829	1.028516	1.054806	0.988989	1.007231	1.123355	0.990589	0.940992	1.070962	1.009179	0.0	1.075583	1.113837	0.397133	0.675702	0.509323	0.989154	1.055793	1.074842	1.218544	1.051605	1.020095	1.097946	0.877498	0.987747	1.143792	0.789174	0.780267	1.139721	1.054179	1.127094	1.13842	1.149474	1.08912	0.911146	1.040381	1.017931	1.0412	1.005943	1.027862	1.057404	1.054214	0.998792	0.677767	0.696364	0.610473	1.088521	0.967656	0.813685	1.088727	0.930088	1.622785	1.146873	1.03417	1.126496	0.984708	0.980109	0.697087
H55Kc.735962	0.543093	0.74985	0.727516	0.673171	0.555113	0.644008	0.713612	0.610392	0.71646	0.673215	0.654495	0.736892	1.075583	0.0	0.487966	1.057636	0.959877	0.912924	0.692735	0.697156	0.652847	0.485643	0.669182	0.565794	0.603713	0.730027	0.56162	0.722285	0.800025	0.82751	0.701758	0.597386	0.656209	0.752339	0.599011	0.598885	0.780047	0.566836	0.590524	0.719133	0.574736	0.328891	0.684081	0.584017	0.682453	0.91697	0.822329	0.84068	0.629952	0.628573	0.584074	0.58519	0.614715	1.216984	0.70891	0.598777	0.553003	0.579039	0.445464	0.866568
Myr.tri.Seat.4.03H10.653706	0.572759	0.735556	0.77467	0.580383	0.430053	0.57696	0.65556	0.686568	0.672414	0.671491	0.605357	0.737008	1.113837	0.487966	0.0	1.055682	0.972175	0.914692	0.701215	0.67246	0.627311	0.546177	0.629064	0.539672	0.592309	0.763435	0.514132	0.751953	0.826575	0.880978	0.735166	0.641658	0.800903	0.778083	0.717203	0.558767	0.811169	0.582192	0.58041	0.761321	0.570244	0.411701	0.729497	0.574037	0.646259	0.929268	0.848879	0.847626	0.594284	0.647399	0.629928	0.534386	0.614649	1.242168	0.742318	0.551289	0.617977	0.657117	0.556836	0.852574
10.8.12.rk.st.0800.1123130	1.070903	0.964874	0.798386	1.043645	1.067649	1.004118	1.017788	1.133912	1.005718	0.953835	1.083805	1.024308	0.397133	1.057636	1.055682	0.0	0.550155	0.507478	0.935731	1.06635	1.085399	1.119657	1.062162	1.030652	0.987757	0.736975	0.998304	1.156635	0.709107	0.711794	0.974188	0.959488	1.028207	1.153549	1.160031	1.099677	0.862839	1.050938	1.028488	0.924073	1.0165	1.009915	0.949943	1.064771	1.011635	0.591576	0.688985	0.600918	1.101364	0.978213	0.780728	1.055156	0.942931	1.637914	1.038752	1.049299	1.137053	0.995265	0.962162	0.712216
EM086.441698	1.001648	0.900191	0.733703	0.978962	1.002966	0.939435	0.953105	1.064657	0.941035	0.889152	1.019122	0.959625	0.675702	0.959877	0.972175	0.550155	0.0	0.605119	0.718876	0.999381	1.020716	0.969476	0.997479	0.963683	0.82946	0.648502	0.933621	1.091952	0.495212	0.507993	0.799267	0.790891	0.871104	1.088866	1.090776	1.034994	0.636328	0.981683	0.959233	0.704818	0.949531	0.912156	0.769216	0.995516	0.946952	0.472387	0.519336	0.510025	1.036681	0.908958	0.661763	0.985901	0.91578	1.573231	0.740799	0.984616	1.067798	0.92601	0.864403	0.651397
C.3037.01.S1.405123	0.926191	0.820162	0.653674	0.898933	0.922937	0.859406	0.873076	0.9892	0.861006	0.809123	0.939093	0.879596	0.509323	0.912924	0.914692	0.507478	0.605119	0.0	0.691515	0.921638	0.940687	0.982913	0.91745	0.88594	0.858047	0.726583	0.853592	1.011923	0.498337	0.679264	0.898352	0.802452	0.928995	1.008837	1.015319	0.954965	0.591143	0.906226	0.883776	0.788075	0.871788	0.865203	0.843675	0.920059	0.866923	0.648522	0.428825	0.484818	0.956652	0.833501	0.628468	0.910444	0.835751	1.493202	0.895146	0.904587	0.992341	0.850553	0.81745	0.643496
NA.15.T0.830848	0.708988	0.799175	0.776259	0.807094	0.77598	0.767567	0.626985	0.816197	0.769167	0.726602	0.83519	0.787757	0.989154	0.692735	0.701215	0.935731	0.718876	0.691515	0.0	0.815909	0.768056	0.733594	0.787935	0.745449	0.596742	0.50976	0.710225	0.867638	0.51824	0.652475	0.634933	0.565091	0.654254	0.916998	0.840558	0.806582	0.51766	0.755689	0.724025	0.598206	0.724813	0.658352	0.580656	0.731242	0.722638	0.631137	0.56896	0.751779	0.809695	0.712122	0.607083	0.776953	0.719256	1.401363	0.600389	0.812748	0.824052	0.631814	0.669139	0.882793
soil1.T3U1.536591	0.581055	0.663854	0.792882	0.591303	0.601357	0.53223	0.608718	0.648764	0.605868	0.506061	0.608493	0.653622	1.055793	0.697156	0.67246	1.06635	0.999381	0.921638	0.815909	0.0	0.481639	0.815673	0.46117	0.495764	0.591219	0.792927	0.477102	0.776153	0.856067	0.92052	0.825146	0.739604	0.891741	0.716863	0.814955	0.525621	0.840661	0.513684	0.487142	0.800863	0.517494	0.624151	0.816345	0.529991	0.544621	0.95876	0.878371	0.952156	0.543564	0.578327	0.784776	0.653654	0.513043	1.24614	0.832298	0.527309	0.620391	0.681831	0.665534	0.700626
SSBE21Aug08.618423	0.555158	0.633481	0.728973	0.592316	0.54575	0.517535	0.547139	0.697685	0.584829	0.51543	0.494102	0.632583	1.074842	0.652847	0.627311	1.085399	1.020716	0.940687	0.768056	0.481639	0.0	0.778064	0.489069	0.447753	0.60067	0.814262	0.530291	0.65362	0.877402	0.941855	0.785993	0.700451	0.91462	0.645862	0.712378	0.419216	0.861996	0.490237	0.464421	0.822198	0.482995	0.579002	0.83768	0.44115	0.5537	0.948079	0.899706	0.967495	0.460573	0.607504	0.806111	0.600433	0.481644	1.192121	0.793145	0.449608	0.54429	0.634442	0.626381	0.712449
Turkey.Stool.983766	0.734062	0.863347	0.926097	0.754178	0.621918	0.750755	0.813571	0.825087	0.823207	0.804634	0.766104	0.864799	1.218544	0.485643	0.546177	1.119657	0.969476	0.982913	0.733594	0.815673	0.778064	0.0	0.786859	0.690425	0.56399	0.69029	0.688767	0.863724	0.809624	0.811691	0.654053	0.617285	0.412174	0.89113	0.867232	0.752558	0.775394	0.709547	0.716581	0.716766	0.707835	0.552404	0.681714	0.724656	0.801938	0.857933	0.844422	0.954599	0.746789	0.773998	0.570497	0.682447	0.741164	1.355215	0.706543	0.725084	0.792488	0.814158	0.642991	0.983405
TBH12Aug08.618303	0.653625	0.691246	0.777102	0.553823	0.555429	0.54504	0.639956	0.711492	0.632074	0.544783	0.605983	0.679828	1.051605	0.669182	0.629064	1.062162	0.997479	0.91745	0.787935	0.46117	0.489069	0.786859	0.0	0.470536	0.695097	0.791025	0.494398	0.756203	0.854165	0.918618	0.823244	0.737702	0.862927	0.762057	0.786981	0.337913	0.838759	0.548196	0.572632	0.798961	0.579764	0.595337	0.814443	0.597129	0.497923	0.956858	0.876469	0.923342	0.403142	0.574691	0.782874	0.652592	0.537137	1.237782	0.830396	0.519093	0.609347	0.606979	0.663632	0.677884
P.Dois.Rios.SB.414865	0.522065	0.594912	0.68385	0.525925	0.474139	0.463288	0.534122	0.608136	0.534084	0.505767	0.471657	0.581838	1.020095	0.565794	0.539672	1.030652	0.963683	0.88594	0.745449	0.495764	0.447753	0.690425	0.470536	0.0	0.575601	0.757229	0.447778	0.647731	0.820369	0.884822	0.72896	0.643418	0.832505	0.654739	0.687691	0.460481	0.804963	0.425426	0.426318	0.765165	0.457704	0.491363	0.780647	0.465569	0.535835	0.919378	0.842673	0.88538	0.470548	0.474093	0.743554	0.52398	0.493371	1.141126	0.736112	0.426573	0.473075	0.616663	0.569348	0.71006
H60Do.735986	0.539864	0.718559	0.789261	0.716784	0.62913	0.651267	0.723227	0.693625	0.689737	0.559782	0.67157	0.708327	1.097946	0.603713	0.592309	0.987757	0.82946	0.858047	0.596742	0.591219	0.60067	0.56399	0.695097	0.575601	0.0	0.568828	0.579097	0.685716	0.681726	0.740685	0.531391	0.506685	0.621446	0.727392	0.749356	0.663324	0.664548	0.503167	0.553559	0.622102	0.422683	0.54445	0.637828	0.499278	0.71482	0.727219	0.700406	0.835991	0.662845	0.6429	0.709851	0.649443	0.550222	1.265309	0.593049	0.62312	0.622786	0.706934	0.583333	0.895011
SPM1x040108.142616	0.788336	0.764589	0.805171	0.772508	0.796512	0.732981	0.746651	0.849059	0.734581	0.743186	0.812668	0.753171	0.877498	0.730027	0.763435	0.736975	0.648502	0.726583	0.50976	0.792927	0.814262	0.69029	0.791025	0.757229	0.568828	0.0	0.727167	0.885498	0.5064	0.522317	0.337483	0.345201	0.495078	0.882412	0.875178	0.82854	0.418158	0.775229	0.752779	0.34555	0.743077	0.684592	0.390452	0.789062	0.740498	0.539941	0.516034	0.731739	0.830227	0.702504	0.549455	0.774875	0.671794	1.366777	0.426875	0.778162	0.861344	0.719556	0.591797	0.821175
L08A095.799873	0.538457	0.585788	0.667148	0.450559	0.315717	0.396048	0.51758	0.611482	0.498758	0.503027	0.509361	0.571846	0.987747	0.56162	0.514132	0.998304	0.933621	0.853592	0.710225	0.477102	0.530291	0.688767	0.494398	0.447778	0.579097	0.727167	0.0	0.655247	0.790307	0.85476	0.764264	0.678722	0.785217	0.684379	0.704829	0.518327	0.774901	0.47048	0.48283	0.735103	0.449796	0.500731	0.750585	0.455537	0.504939	0.893	0.812611	0.845632	0.51833	0.514039	0.702176	0.524346	0.454525	1.168864	0.771416	0.328345	0.582291	0.573603	0.604652	0.726484
F31Forr.140586	0.671634	0.825685	0.778689	0.759656	0.674966	0.714885	0.805823	0.778633	0.791507	0.701826	0.715628	0.810097	1.143792	0.722285	0.751953	1.156635	1.091952	1.011923	0.867638	0.776153	0.65362	0.863724	0.756203	0.647731	0.685716	0.885498	0.655247	0.0	0.948638	1.013091	0.857229	0.771687	0.94179	0.154296	0.609592	0.717732	0.933232	0.636511	0.679347	0.893434	0.601827	0.63997	0.908916	0.654268	0.735924	1.051331	0.970942	1.003045	0.708681	0.719414	0.913883	0.773803	0.677212	1.263757	0.864381	0.670232	0.739318	0.690458	0.697617	0.962973
B.2004.01.S1.405609	0.856048	0.756877	0.655755	0.835648	0.859652	0.796121	0.809791	0.919057	0.797721	0.745838	0.875808	0.816311	0.789174	0.800025	0.826575	0.709107	0.495212	0.498337	0.51824	0.856067	0.877402	0.809624	0.854165	0.820369	0.681726	0.5064	0.790307	0.948638	0.0	0.498887	0.633293	0.591777	0.710984	0.945552	0.945176	0.89168	0.431126	0.838369	0.815919	0.537078	0.806217	0.752304	0.594548	0.852202	0.803638	0.513793	0.339348	0.582951	0.893367	0.765644	0.575133	0.840301	0.800256	1.429917	0.627717	0.841302	0.924484	0.782696	0.704551	0.669627
PM8x30308.142380	0.918215	0.82133	0.79106	0.900101	0.924105	0.860574	0.874244	0.981224	0.862174	0.810291	0.940261	0.880764	0.780267	0.82751	0.880978	0.711794	0.507993	0.679264	0.652475	0.92052	0.941855	0.811691	0.918618	0.884822	0.740685	0.522317	0.85476	1.013091	0.498887	0.0	0.708338	0.632764	0.697649	1.010005	1.007343	0.956133	0.555657	0.902822	0.880372	0.599781	0.87067	0.804421	0.613563	0.916655	0.868091	0.438354	0.428023	0.486682	0.95782	0.830097	0.475522	0.902468	0.836919	1.49437	0.71459	0.905755	0.988937	0.847149	0.742416	0.75872
TS152.2.299097	0.760067	0.878024	0.918606	0.804727	0.768243	0.775564	0.860086	0.818504	0.848016	0.840771	0.784399	0.866606	1.139721	0.701758	0.735166	0.974188	0.799267	0.898352	0.634933	0.825146	0.785993	0.654053	0.823244	0.72896	0.531391	0.337483	0.764264	0.857229	0.633293	0.708338	0.0	0.258434	0.606189	0.854143	0.846909	0.800271	0.526725	0.74696	0.72451	0.331303	0.714808	0.656323	0.464863	0.760793	0.853933	0.77968	0.694891	0.927674	0.801958	0.745087	0.74539	0.746606	0.793159	1.338508	0.262552	0.749893	0.833075	0.822627	0.530452	0.982954
SPM1x030408.142594	0.674525	0.792482	0.833064	0.719185	0.682701	0.690022	0.774544	0.732962	0.762474	0.755229	0.698857	0.781064	1.054179	0.597386	0.641658	0.959488	0.790891	0.802452	0.565091	0.739604	0.700451	0.617285	0.737702	0.643418	0.506685	0.345201	0.678722	0.771687	0.591777	0.632764	0.258434	0.0	0.569421	0.768601	0.761367	0.714729	0.492319	0.661418	0.638968	0.322769	0.629266	0.560731	0.396351	0.675251	0.768391	0.750416	0.617603	0.848284	0.716416	0.659545	0.666138	0.661064	0.707617	1.252966	0.243544	0.664351	0.747533	0.737085	0.43486	0.897412
S00305.543918	0.841454	0.944179	0.929141	0.881246	0.845674	0.841719	0.917861	0.904823	0.914171	0.861242	0.913026	0.932761	1.127094	0.656209	0.800903	1.028207	0.871104	0.928995	0.654254	0.891741	0.91462	0.412174	0.862927	0.832505	0.621446	0.495078	0.785217	0.94179	0.710984	0.697649	0.606189	0.569421	0.0	0.99115	0.93147	0.889114	0.651714	0.831521	0.853137	0.548832	0.800645	0.710734	0.496038	0.84663	0.867642	0.746759	0.719796	0.900681	0.883345	0.802862	0.664715	0.875233	0.720874	1.475515	0.658679	0.8869	0.914462	0.840618	0.668099	1.024937
must.18.1128116	0.715594	0.801701	0.832577	0.73233	0.675322	0.690901	0.793691	0.805711	0.768709	0.681344	0.697782	0.787299	1.13842	0.752339	0.778083	1.153549	1.088866	1.008837	0.916998	0.716863	0.645862	0.89113	0.762057	0.654739	0.727392	0.882412	0.684379	0.154296	0.945552	1.010005	0.854143	0.768601	0.99115	0.0	0.698104	0.734914	0.930146	0.679195	0.660669	0.890348	0.625805	0.700448	0.90583	0.683402	0.79046	1.056625	0.967856	1.052405	0.730145	0.70754	0.888843	0.734103	0.658896	1.232261	0.861295	0.656304	0.76531	0.720092	0.694531	0.929705
F32Hair.140769	0.646124	0.879437	0.756859	0.8019	0.71721	0.776977	0.844739	0.702037	0.849429	0.751408	0.773192	0.868019	1.149474	0.599011	0.717203	1.160031	1.090776	1.015319	0.840558	0.814955	0.712378	0.867232	0.786981	0.687691	0.749356	0.875178	0.704829	0.609592	0.945176	1.007343	0.846909	0.761367	0.93147	0.698104	0.0	0.716684	0.925198	0.683795	0.707483	0.883114	0.663371	0.56763	0.898596	0.700976	0.769828	1.047869	0.96748	0.949423	0.750925	0.72806	0.917793	0.758627	0.732514	1.331441	0.854061	0.751306	0.624704	0.600286	0.687297	0.984367
CBE09Aug07.617917	0.585856	0.717465	0.767293	0.564502	0.454544	0.530553	0.665145	0.643723	0.646751	0.572886	0.531008	0.694505	1.08912	0.598885	0.558767	1.099677	1.034994	0.954965	0.806582	0.525621	0.419216	0.752558	0.337913	0.460481	0.663324	0.82854	0.518327	0.717732	0.89168	0.956133	0.800271	0.714729	0.889114	0.734914	0.716684	0.0	0.876274	0.533079	0.551013	0.836476	0.536695	0.52504	0.851958	0.55303	0.431258	0.994373	0.913984	0.913533	0.170025	0.62915	0.820389	0.622079	0.540486	1.210639	0.807423	0.418788	0.534264	0.63703	0.640659	0.711625
TS1.2.299121	0.83607	0.741471	0.782053	0.820242	0.844246	0.780715	0.794385	0.899079	0.782315	0.730432	0.860402	0.800905	0.911146	0.780047	0.811169	0.862839	0.636328	0.591143	0.51766	0.840661	0.861996	0.775394	0.838759	0.804963	0.664548	0.418158	0.774901	0.933232	0.431126	0.555657	0.526725	0.492319	0.651714	0.930146	0.925198	0.876274	0.0	0.822963	0.800513	0.448128	0.790811	0.732326	0.482056	0.836796	0.788232	0.665805	0.451978	0.736063	0.877961	0.750238	0.536265	0.822609	0.790458	1.414511	0.523853	0.825896	0.909078	0.76729	0.656069	0.822845
HI.20.35e.2.281673	0.406373	0.626554	0.73042	0.598783	0.516885	0.547426	0.6182	0.579376	0.596546	0.523511	0.567729	0.615136	1.040381	0.566836	0.582192	1.050938	0.981683	0.906226	0.755689	0.513684	0.490237	0.709547	0.548196	0.425426	0.503167	0.775229	0.47048	0.636511	0.838369	0.902822	0.74696	0.661418	0.831521	0.679195	0.683795	0.533079	0.822963	0.0	0.395452	0.783165	0.338872	0.508413	0.798647	0.319531	0.587307	0.941062	0.860673	0.891936	0.531324	0.462659	0.767078	0.603792	0.457409	1.17024	0.754112	0.497813	0.501421	0.633107	0.587348	0.783064
FL.3.26a.1.281867	0.404791	0.62599	0.749024	0.568359	0.529029	0.508948	0.536944	0.617776	0.587374	0.584881	0.504299	0.620546	1.017931	0.590524	0.58041	1.028488	0.959233	0.883776	0.724025	0.487142	0.464421	0.716581	0.572632	0.426318	0.553559	0.752779	0.48283	0.679347	0.815919	0.880372	0.72451	0.638968	0.853137	0.660669	0.707483	0.551013	0.800513	0.395452	0.0	0.760715	0.443138	0.517519	0.776197	0.341505	0.613055	0.876556	0.838223	0.906012	0.56108	0.495753	0.744628	0.53665	0.514481	1.14779	0.731662	0.502907	0.566911	0.600845	0.564898	0.768754
cf1170.632724	0.796272	0.843377	0.883959	0.780444	0.804448	0.740917	0.825439	0.854709	0.813369	0.81161	0.820604	0.831959	1.0412	0.719133	0.761321	0.924073	0.704818	0.788075	0.598206	0.800863	0.822198	0.716766	0.798961	0.765165	0.622102	0.34555	0.735103	0.893434	0.537078	0.599781	0.331303	0.322769	0.548832	0.890348	0.883114	0.836476	0.448128	0.783165	0.760715	0.0	0.751013	0.682478	0.332468	0.796998	0.819286	0.728759	0.590268	0.834765	0.838163	0.71044	0.591993	0.782811	0.717262	1.374713	0.397881	0.786098	0.86928	0.78798	0.573145	0.924135
FL.3.32a.3.281781	0.453433	0.567554	0.697258	0.590155	0.502501	0.524638	0.60814	0.60746	0.554052	0.504063	0.544941	0.53399	1.005943	0.574736	0.570244	1.0165	0.949531	0.871788	0.724813	0.517494	0.482995	0.707835	0.579764	0.457704	0.422683	0.743077	0.449796	0.601827	0.806217	0.87067	0.714808	0.629266	0.800645	0.625805	0.663371	0.536695	0.790811	0.338872	0.443138	0.751013	0.0	0.516313	0.766495	0.357139	0.588191	0.90891	0.828521	0.86106	0.536216	0.544361	0.76409	0.607586	0.400587	1.160796	0.72196	0.501429	0.500089	0.616377	0.555196	0.803008
M11Nstl.140810	0.495384	0.687859	0.686143	0.592722	0.503792	0.563559	0.588585	0.596021	0.636011	0.613952	0.575422	0.676441	1.027862	0.328891	0.411701	1.009915	0.912156	0.865203	0.658352	0.624151	0.579002	0.552404	0.595337	0.491363	0.54445	0.684592	0.500731	0.63997	0.752304	0.804421	0.656323	0.560731	0.710734	0.700448	0.56763	0.52504	0.732326	0.508413	0.517519	0.682478	0.516313	0.0	0.68791	0.525594	0.578184	0.869249	0.774608	0.799307	0.559281	0.574936	0.636347	0.533465	0.54087	1.164533	0.663475	0.537888	0.552534	0.575312	0.385939	0.792723
21.ill.mucosa.WT.676371	0.811754	0.858859	0.899441	0.795926	0.81993	0.756399	0.840921	0.870191	0.828851	0.827092	0.836086	0.847441	1.057404	0.684081	0.729497	0.949943	0.769216	0.843675	0.580656	0.816345	0.83768	0.681714	0.814443	0.780647	0.637828	0.390452	0.750585	0.908916	0.594548	0.613563	0.464863	0.396351	0.496038	0.90583	0.898596	0.851958	0.482056	0.798647	0.776197	0.332468	0.766495	0.68791	0.0	0.81248	0.834768	0.726163	0.632956	0.874703	0.853645	0.725922	0.593089	0.798293	0.710842	1.390195	0.468349	0.80158	0.884762	0.803462	0.578577	0.939617
Calh5.385340	0.300676	0.618835	0.737989	0.620804	0.518768	0.550499	0.588735	0.597829	0.594801	0.548064	0.567118	0.613391	1.054214	0.584017	0.574037	1.064771	0.995516	0.920059	0.731242	0.529991	0.44115	0.724656	0.597129	0.465569	0.499278	0.789062	0.455537	0.654268	0.852202	0.916655	0.760793	0.675251	0.84663	0.683402	0.700976	0.55303	0.836796	0.319531	0.341505	0.796998	0.357139	0.525594	0.81248	0.0	0.612066	0.922879	0.874506	0.899505	0.560091	0.562398	0.780911	0.597961	0.462056	1.184073	0.767945	0.525304	0.511856	0.607384	0.601181	0.815341
CU3258.141544	0.672072	0.607379	0.684837	0.562146	0.527762	0.516345	0.558515	0.743025	0.548207	0.538018	0.593926	0.595961	0.998792	0.682453	0.646259	1.011635	0.946952	0.866923	0.722638	0.544621	0.5537	0.801938	0.497923	0.535835	0.71482	0.740498	0.504939	0.735924	0.803638	0.868091	0.853933	0.768391	0.867642	0.79046	0.769828	0.431258	0.788232	0.587307	0.613055	0.819286	0.588191	0.578184	0.834768	0.612066	0.0	0.906331	0.825942	0.858045	0.443309	0.606856	0.732347	0.684121	0.525622	1.266185	0.861085	0.53234	0.654386	0.601566	0.694321	0.666609
50.col.lumen.TG.676359	0.916685	0.86795	0.758448	0.946721	0.962345	0.907194	0.843738	1.02175	0.908794	0.848531	0.974817	0.927384	0.677767	0.91697	0.929268	0.591576	0.472387	0.648522	0.631137	0.95876	0.948079	0.857933	0.956858	0.919378	0.727219	0.539941	0.893	1.051331	0.513793	0.438354	0.77968	0.750416	0.746759	1.056625	1.047869	0.994373	0.665805	0.941062	0.876556	0.728759	0.90891	0.869249	0.726163	0.922879	0.906331	0.0	0.458519	0.527202	0.99606	0.864653	0.600946	0.93931	0.853257	1.54099	0.833066	0.952375	1.027177	0.827985	0.829876	0.710316
fut2negative.day56.70.Regular.1004900	0.878352	0.779181	0.678059	0.857952	0.881956	0.818425	0.832095	0.941361	0.820025	0.768142	0.898112	0.838615	0.696364	0.822329	0.848879	0.688985	0.519336	0.428825	0.56896	0.878371	0.899706	0.844422	0.876469	0.842673	0.700406	0.516034	0.812611	0.970942	0.339348	0.428023	0.694891	0.617603	0.719796	0.967856	0.96748	0.913984	0.451978	0.860673	0.838223	0.590268	0.828521	0.774608	0.632956	0.874506	0.825942	0.458519	0.0	0.419789	0.915671	0.787948	0.474835	0.862605	0.79477	1.452221	0.705765	0.863606	0.946788	0.805	0.726855	0.652389
cf1126.633182	0.857871	0.86373	0.58495	0.942501	0.910885	0.902974	0.899884	0.939124	0.904574	0.801521	0.974281	0.923164	0.610473	0.84068	0.847626	0.600918	0.510025	0.484818	0.751779	0.952156	0.967495	0.954599	0.923342	0.88538	0.835991	0.731739	0.845632	1.003045	0.582951	0.486682	0.927674	0.848284	0.900681	1.052405	0.949423	0.913533	0.736063	0.891936	0.906012	0.834765	0.86106	0.799307	0.874703	0.899505	0.858045	0.527202	0.419789	0.0	0.944074	0.855737	0.586992	0.93268	0.826873	1.53677	0.939444	0.948155	0.919045	0.793221	0.856446	0.643712
6b3f4f4e221ccf8bbfc57e52791ed288	0.610981	0.716866	0.7909	0.559733	0.420365	0.518412	0.675212	0.679722	0.646152	0.588125	0.526239	0.693906	1.088521	0.629952	0.594284	1.101364	1.036681	0.956652	0.809695	0.543564	0.460573	0.746789	0.403142	0.470548	0.662845	0.830227	0.51833	0.708681	0.893367	0.95782	0.801958	0.716416	0.883345	0.730145	0.750925	0.170025	0.877961	0.531324	0.56108	0.838163	0.536216	0.559281	0.853645	0.560091	0.443309	0.99606	0.915671	0.944074	0.0	0.639217	0.822076	0.632146	0.535605	1.20587	0.80911	0.392065	0.574395	0.690625	0.642346	0.711026
42265f3f55dd9c4c9b4feaee53b1f4fc	0.582042	0.628929	0.684337	0.539908	0.603606	0.542181	0.579497	0.662247	0.598921	0.612664	0.576088	0.614563	0.967656	0.628573	0.647399	0.978213	0.908958	0.833501	0.712122	0.578327	0.607504	0.773998	0.574691	0.474093	0.6429	0.702504	0.514039	0.719414	0.765644	0.830097	0.745087	0.659545	0.802862	0.70754	0.72806	0.62915	0.750238	0.462659	0.495753	0.71044	0.544361	0.574936	0.725922	0.562398	0.606856	0.864653	0.787948	0.855737	0.639217	0.0	0.711825	0.564441	0.559566	1.183315	0.752239	0.593636	0.660274	0.577352	0.585475	0.764497
mf2188.633126	0.799339	0.655876	0.762704	0.721777	0.668359	0.70799	0.707172	0.87389	0.70959	0.674547	0.796913	0.72818	0.813685	0.584074	0.629928	0.780728	0.661763	0.628468	0.607083	0.784776	0.806111	0.570497	0.782874	0.743554	0.709851	0.549455	0.702176	0.913883	0.575133	0.475522	0.74539	0.666138	0.664715	0.888843	0.917793	0.820389	0.536265	0.767078	0.744628	0.591993	0.76409	0.636347	0.593089	0.780911	0.732347	0.600946	0.474835	0.586992	0.822076	0.711825	0.0	0.698516	0.701175	1.352928	0.753932	0.753171	0.853193	0.728695	0.655358	0.73432
9f400082bffeb4494d4497ef084ffe94	0.631655	0.719956	0.83514	0.600279	0.452861	0.583986	0.63831	0.716322	0.65828	0.700123	0.589739	0.718884	1.088727	0.58519	0.534386	1.055156	0.985901	0.910444	0.776953	0.653654	0.600433	0.682447	0.652592	0.52398	0.649443	0.774875	0.524346	0.773803	0.840301	0.902468	0.746606	0.661064	0.875233	0.734103	0.758627	0.622079	0.822609	0.603792	0.53665	0.782811	0.607586	0.533465	0.798293	0.597961	0.684121	0.93931	0.862605	0.93268	0.632146	0.564441	0.698516	0.0	0.620831	1.221228	0.753758	0.513253	0.667287	0.691131	0.602618	0.821522
B26.737560	0.565812	0.532341	0.702035	0.552944	0.492122	0.458773	0.570447	0.694039	0.506219	0.48602	0.536602	0.524071	0.930088	0.614715	0.614649	0.942931	0.91578	0.835751	0.719256	0.513043	0.481644	0.741164	0.537137	0.493371	0.550222	0.671794	0.454525	0.677212	0.800256	0.836919	0.793159	0.707617	0.720874	0.658896	0.732514	0.540486	0.790458	0.457409	0.514481	0.717262	0.400587	0.54087	0.710842	0.462056	0.525622	0.853257	0.79477	0.826873	0.535605	0.559566	0.701175	0.620831	0.0	1.201241	0.800311	0.517736	0.542324	0.610974	0.633547	0.720191
75f78e4c6e0dc6e4a62f570c1bc9a339	1.217297	1.282292	1.38629	0.988619	1.166457	1.171492	1.273096	1.296018	1.248114	1.252953	0.967591	1.266704	1.622785	1.216984	1.242168	1.637914	1.573231	1.493202	1.401363	1.24614	1.192121	1.355215	1.237782	1.141126	1.265309	1.366777	1.168864	1.263757	1.429917	1.49437	1.338508	1.252966	1.475515	1.232261	1.331441	1.210639	1.414511	1.17024	1.14779	1.374713	1.160796	1.164533	1.390195	1.184073	1.266185	1.54099	1.452221	1.53677	1.20587	1.183315	1.352928	1.221228	1.201241	0.0	1.34566	1.141651	1.256355	1.260961	1.178896	1.40543
b76ecf3dd46fcab94418c68c6fcd8ada	0.767219	0.885176	0.925758	0.811879	0.775395	0.782716	0.867238	0.825656	0.855168	0.847923	0.791551	0.873758	1.146873	0.70891	0.742318	1.038752	0.740799	0.895146	0.600389	0.832298	0.793145	0.706543	0.830396	0.736112	0.593049	0.426875	0.771416	0.864381	0.627717	0.71459	0.262552	0.243544	0.658679	0.861295	0.854061	0.807423	0.523853	0.754112	0.731662	0.397881	0.72196	0.663475	0.468349	0.767945	0.861085	0.833066	0.705765	0.939444	0.80911	0.752239	0.753932	0.753758	0.800311	1.34566	0.0	0.757045	0.840227	0.829779	0.537604	0.990106
920cce1ef960ffc7343eb5628636a37e	0.586586	0.623795	0.782067	0.444224	0.213252	0.360903	0.576751	0.678345	0.525223	0.570948	0.449284	0.598311	1.03417	0.598777	0.551289	1.049299	0.984616	0.904587	0.812748	0.527309	0.449608	0.725084	0.519093	0.426573	0.62312	0.778162	0.328345	0.670232	0.841302	0.905755	0.749893	0.664351	0.8869	0.656304	0.751306	0.418788	0.825896	0.497813	0.502907	0.786098	0.501429	0.537888	0.80158	0.525304	0.53234	0.952375	0.863606	0.948155	0.392065	0.593636	0.753171	0.513253	0.517736	1.141651	0.757045	0.0	0.567836	0.682922	0.590281	0.714791
bb08145b2a3724c42967dc2dbdab5c3b	0.54654	0.498821	0.688469	0.693086	0.59504	0.580733	0.595919	0.644325	0.470895	0.543226	0.649058	0.489485	1.126496	0.553003	0.617977	1.137053	1.067798	0.992341	0.824052	0.620391	0.54429	0.792488	0.609347	0.473075	0.622786	0.861344	0.582291	0.739318	0.924484	0.988937	0.833075	0.747533	0.914462	0.76531	0.624704	0.534264	0.909078	0.501421	0.566911	0.86928	0.500089	0.552534	0.884762	0.511856	0.654386	1.027177	0.946788	0.919045	0.574395	0.660274	0.853193	0.667287	0.542324	1.256355	0.840227	0.567836	0.0	0.617034	0.673463	0.843829
ME10May08EB1R1.486639	0.560322	0.670019	0.602253	0.671112	0.653108	0.631467	0.577917	0.661685	0.640011	0.561906	0.699364	0.658601	0.984708	0.579039	0.657117	0.995265	0.92601	0.850553	0.631814	0.681831	0.634442	0.814158	0.606979	0.616663	0.706934	0.719556	0.573603	0.690458	0.782696	0.847149	0.822627	0.737085	0.840618	0.720092	0.600286	0.63703	0.76729	0.633107	0.600845	0.78798	0.616377	0.575312	0.803462	0.607384	0.601566	0.827985	0.805	0.793221	0.690625	0.577352	0.728695	0.691131	0.610974	1.260961	0.829779	0.682922	0.617034	0.0	0.663015	0.788445
4d366f8db0835339ed3c686415599480	0.600455	0.718412	0.758994	0.645115	0.608631	0.615952	0.700474	0.658892	0.688404	0.681159	0.624787	0.706994	0.980109	0.445464	0.556836	0.962162	0.864403	0.81745	0.669139	0.665534	0.626381	0.642991	0.663632	0.569348	0.583333	0.591797	0.604652	0.697617	0.704551	0.742416	0.530452	0.43486	0.668099	0.694531	0.687297	0.640659	0.656069	0.587348	0.564898	0.573145	0.555196	0.385939	0.578577	0.601181	0.694321	0.829876	0.726855	0.856446	0.642346	0.585475	0.655358	0.602618	0.633547	1.178896	0.537604	0.590281	0.673463	0.663015	0.0	0.823342
WT07L.478428	0.853539	0.717646	0.61535	0.767253	0.787601	0.727726	0.745968	0.90564	0.729326	0.654551	0.809699	0.77708	0.697087	0.866568	0.852574	0.712216	0.651397	0.643496	0.882793	0.700626	0.712449	0.983405	0.677884	0.71006	0.895011	0.821175	0.726484	0.962973	0.669627	0.75872	0.982954	0.897412	1.024937	0.929705	0.984367	0.711625	0.822845	0.783064	0.768754	0.924135	0.803008	0.792723	0.939617	0.815341	0.666609	0.710316	0.652389	0.643712	0.711026	0.764497	0.73432	0.821522	0.720191	1.40543	0.990106	0.714791	0.843829	0.788445	0.823342	0.0