	M11Nstl.140810	B.2004.01.S1.405609	C.3037.01.S1.405123	FL.3.32a.3.281781	H55Kc.735962	SE.20100928.GY.NF008.BC.093.a.673660	UQ288.591065	sp0193.486346	EM086.441698	L08A095.799873	bb08145b2a3724c42967dc2dbdab5c3b	b76ecf3dd46fcab94418c68c6fcd8ada	ME10May08EB1R1.486639	mf2188.633126	920cce1ef960ffc7343eb5628636a37e	cf1170.632724	6b3f4f4e221ccf8bbfc57e52791ed288	B26.737560	H60Do.735986	10.8.12.rk.st.0800.1123130	9f400082bffeb4494d4497ef084ffe94	NA.15.T0.830848	Zambon.Leftpalm.983763	cf1126.633182	SPM1x030408.142594	ANT04.S2M1.607431	4d366f8db0835339ed3c686415599480	SPM1x040108.142616	50.col.lumen.TG.676359	CBE09Aug07.617917	HI.20.35e.2.281673	TVF.2004.Loc4.D10.Rep1.414474	1204BCDNA.486523	nest.WY.2008.3.712186.739059	E3E04.826190	sp1017.486420	WT07L.478428	SE.20101009.GY.ALTFF002.BC.225.415346	TS152.2.299097	must.18.1128116	sp1565.486407	F32Hair.140769	Calh5.385340	FL.3.26a.1.281867	TS1.2.299121	soil1.T3U1.536591	F31Forr.140586	sp0759.486364	Myr.tri.Seat.4.03H10.653706	S00305.543918	fut2negative.day56.70.Regular.1004900	TBH12Aug08.618303	PM8x30308.142380	Turkey.Stool.983766	42265f3f55dd9c4c9b4feaee53b1f4fc	CU3258.141544	75f78e4c6e0dc6e4a62f570c1bc9a339	P.Dois.Rios.SB.414865	21.ill.mucosa.WT.676371	SSBE21Aug08.618423
M11Nstl.140810	0.0	0.794704345719	0.930583069467	0.534848287561	0.477662633279	0.575793004847	0.643262972536	0.746993295638	0.81786634895	0.575116558966	0.578633333333	0.72766137931	0.5241225	0.729342222222	0.524174166667	0.783757350993	0.601165714286	0.546565357143	0.601520468498	0.923225621971	0.467061111111	0.701212229402	0.963765137318	0.745453180077	0.749994523425	0.580821712439	0.381243	0.754139483037	0.922962180937	0.46489276252	0.580183198091	0.584067285945	0.64694450727	0.639771211632	0.573634087237	0.694517156704	0.808615	0.58769904685	0.773266219709	0.728258012924	0.759233311793	0.462092778675	0.495017594937	0.53959346831	0.800172875606	0.588308546042	0.568421163166	0.642983247173	0.38406187399	0.594678885299	0.815622180937	0.604969822294	0.721681389338	0.653866187399	0.618023125	0.610534717286	1.40892333333	0.517317253635	0.725243974152	0.59215187399
B.2004.01.S1.405609	0.794704345719	0.0	0.585742065614	0.820965839599	0.825194264885	0.807629878493	0.868191101661	0.707310510328	0.307811061158	0.769769469421	0.915405555556	0.562483793103	0.68306875	0.831766666667	0.836987222222	0.533230838852	0.878119047619	0.749151428571	0.601131181973	0.540697071689	0.862643333333	0.491591482382	0.606505018226	0.417133601533	0.432337535842	0.752199931146	0.761808	0.400108613506	0.557383128205	0.846404191981	0.816023078759	0.813584050223	0.793017290401	0.701672616444	0.88269236533	0.777730643985	0.8246825	0.806797424058	0.327159760101	0.943824487647	0.729628270555	0.947138187633	0.823439186257	0.817731408451	0.307368057644	0.778130522479	0.900020661278	0.756316375051	0.830967525314	0.704092164412	0.323632030303	0.813997658971	0.397791010284	0.708840951802	0.760260625	0.793536724684	1.28584444444	0.776784293236	0.541972483574	0.854200518429
C.3037.01.S1.405123	0.930583069467	0.585742065614	0.0	0.913598546366	0.943763848929	0.899068526454	0.966429714692	0.699447920857	0.511820473468	0.868244246167	0.907403333333	0.89603137931	0.891034375	0.78687	0.939475555556	0.877248609272	0.97777	0.922538571429	0.772162933673	0.493420433975	0.869547777778	0.788433810669	0.383745803454	0.557576858238	0.641557831541	0.842176311762	0.824906	0.642664533046	0.629234833333	0.946051113882	0.915493102625	0.909226465894	0.884768088107	0.79044885986	0.979822306515	0.88053114014	0.627033333333	0.895052031045	0.640262417929	1.03068501719	0.764307626804	1.03439993603	0.928975316456	0.930766989437	0.621995288221	0.869651686707	0.995355664952	0.850326952339	0.93820992676	0.908718636837	0.481501939394	0.911365807827	0.597771167574	0.850000471141	0.853531875	0.874421218354	1.08464222222	0.86758075317	0.833679277267	0.938509164845
FL.3.32a.3.281781	0.534848287561	0.820965839599	0.913598546366	0.0	0.516561942356	0.505739511278	0.554742130326	0.671428283208	0.817302619048	0.452256942356	0.427026666667	0.736654137931	0.57516	0.715316666667	0.467858611111	0.807667924945	0.595105714286	0.449977857143	0.510481403509	0.930073283208	0.625208888889	0.726344749373	0.949602907268	0.760115670498	0.781093496241	0.557802531328	0.605674	0.771206290727	0.934492589744	0.459198283208	0.289109665871	0.375909097744	0.551589912281	0.517223847118	0.562248446115	0.606949223058	0.7870975	0.475135075188	0.777174699248	0.698341453634	0.687942067669	0.670803045113	0.306633453888	0.336714735915	0.810232142857	0.343067431078	0.606543483709	0.551873095238	0.517060438596	0.702370839599	0.8130095	0.47689047619	0.739711165414	0.735657756892	0.4740825	0.559458053797	1.15430111111	0.421818458647	0.761503731932	0.462490538847
H55Kc.735962	0.477662633279	0.825194264885	0.943763848929	0.516561942356	0.0	0.500377019407	0.707411968781	0.70938489242	0.820210239021	0.430945730409	0.647471111111	0.721081724138	0.6879325	0.623316666667	0.425380833333	0.79696803532	0.63414952381	0.646018571429	0.512194434524	0.938700472505	0.557876666667	0.755438084359	0.973176878076	0.749099003831	0.753315017921	0.543487656448	0.500364	0.767314375	0.931688512821	0.546790157938	0.574953245823	0.561844914921	0.60721718605	0.621385009141	0.422611372521	0.611115118127	0.980914583333	0.507648412319	0.787672335859	0.648200618982	0.706517284489	0.699360735608	0.589444177215	0.593201408451	0.812042042607	0.570394123893	0.597455378398	0.611177467304	0.43475543602	0.611031331946	0.831560984848	0.537839525383	0.692650641258	0.580673447476	0.577693125	0.57857164557	1.09982333333	0.478617185347	0.688709592641	0.484746803867
SE.20100928.GY.NF008.BC.093.a.673660	0.575793004847	0.807629878493	0.899068526454	0.505739511278	0.500377019407	0.0	0.655336284638	0.557016490765	0.809357217521	0.395725413118	0.527382222222	0.741324827586	0.6127675	0.750533333333	0.304971111111	0.78658615894	0.586990952381	0.469363571429	0.571097155612	0.91717735947	0.537006666667	0.740362755042	0.935331725225	0.808811762452	0.74940968638	0.37763975138	0.594982	0.747091336207	0.909442307692	0.518827284566	0.525255680191	0.507430987754	0.420597101071	0.621775741008	0.441100888334	0.462606987279	0.785995	0.287368417516	0.768724393939	0.695198603851	0.562658569395	0.736867665245	0.53194522604	0.548679929577	0.803491566416	0.51440181739	0.67568232917	0.46119891331	0.551988066991	0.745968636837	0.812088590909	0.452018203442	0.751515178463	0.717962664638	0.494729375	0.513771202532	1.11450111111	0.36956356484	0.760699408673	0.4429513659
UQ288.591065	0.643262972536	0.868191101661	0.966429714692	0.554742130326	0.707411968781	0.655336284638	0.0	0.808089854835	0.879080331656	0.603371545997	0.660111111111	0.801011724138	0.616004375	0.861715555556	0.747870833333	0.861951390728	0.777961904762	0.680451071429	0.689606084184	0.983684334012	0.751213333333	0.738338517031	1.00597013795	0.79295664751	0.825290259857	0.703069686518	0.684327	0.803895581897	0.96250824359	0.589429991687	0.561436372315	0.508208625712	0.743604101368	0.633537026411	0.733392580615	0.78811926933	0.964570833333	0.651725140677	0.836358964646	0.823111808803	0.844648879899	0.712605138593	0.581425081374	0.529983767606	0.867452192982	0.499607199893	0.720878067597	0.752280231509	0.670021928884	0.734555515088	0.871462030303	0.662233764867	0.819790024198	0.829930607199	0.632594375	0.720746503165	1.34822888889	0.600607721779	0.816940262812	0.673908826717
sp0193.486346	0.746993295638	0.707310510328	0.699447920857	0.671428283208	0.70938489242	0.557016490765	0.808089854835	0.0	0.689942724154	0.598047644804	0.693752222222	0.868365172414	0.752110625	0.79688	0.655068055556	0.904711633554	0.727338095238	0.6779125	0.686696207483	0.721000497963	0.877093333333	0.830730890451	0.741922019144	0.729218333333	0.774074184588	0.47157895092	0.800372	0.766093383621	0.760573461538	0.712145586035	0.706216587112	0.672114468759	0.46107313548	0.555136296263	0.758548128664	0.392089396246	0.628082916667	0.619962835666	0.788616319444	0.856764013067	0.215465153885	0.859396343284	0.716413652803	0.700048080986	0.822373270677	0.62856227157	0.822816833211	0.315801542513	0.752837392129	0.873475858481	0.706562121212	0.685516811701	0.767113575318	0.799450927203	0.54915625	0.650745522152	1.32562555556	0.615877917873	0.86588911958	0.677264321078
EM086.441698	0.81786634895	0.307811061158	0.511820473468	0.817302619048	0.820210239021	0.809357217521	0.879080331656	0.689942724154	0.0	0.788554914821	0.924144444444	0.561912758621	0.73311625	0.537488888889	0.834828888889	0.629915077263	0.943964761905	0.796477857143	0.612298358844	0.394457231244	0.775158888889	0.517518621912	0.485066132205	0.411667643678	0.4212625	0.759426923605	0.747982	0.430853017241	0.443315051282	0.868596259352	0.824172768496	0.820190154392	0.802270504346	0.707788509835	0.903221471866	0.797515300778	0.656216666667	0.810829635178	0.443655877525	0.953288462861	0.69735081656	0.958332803838	0.843979819168	0.837777394366	0.486446741855	0.780549075938	0.903551300514	0.769936753202	0.831899740393	0.731017679501	0.285399666667	0.836754226898	0.404621252269	0.698191668573	0.734608125	0.786872009494	1.42840333333	0.784477909424	0.606737713535	0.85564938129
L08A095.799873	0.575116558966	0.769769469421	0.868244246167	0.452256942356	0.430945730409	0.395725413118	0.603371545997	0.598047644804	0.788554914821	0.0	0.564447777778	0.782297241379	0.610916875	0.610181111111	0.353230555556	0.797200684327	0.611364285714	0.441202142857	0.499490170068	0.894526727002	0.491927777778	0.711411343697	0.910514882879	0.752261743295	0.740112517921	0.471983762777	0.643445	0.736060818966	0.897656666667	0.479868769742	0.49816071599	0.457642201874	0.48799024276	0.478018279387	0.430295185264	0.513764271721	0.855659583333	0.415849940375	0.761300890152	0.707920742779	0.622382655451	0.708030191898	0.500474611212	0.533058996479	0.777379461153	0.356362934412	0.652033328435	0.488731420358	0.546952987649	0.7235221436	0.804443151515	0.434966739779	0.73182630369	0.668334831772	0.564330625	0.446462626582	1.16955222222	0.404573720187	0.753934638633	0.414356835605
bb08145b2a3724c42967dc2dbdab5c3b	0.578633333333	0.915405555556	0.907403333333	0.427026666667	0.647471111111	0.527382222222	0.660111111111	0.693752222222	0.924144444444	0.564447777778	0.0	0.806974444444	0.556954444444	0.835912222222	0.602735555556	0.84368	0.676652222222	0.619572222222	0.581131111111	1.03988444444	0.691741111111	0.769946666667	1.00376555556	0.766207777778	0.930523333333	0.755356666667	0.675666666667	0.766645555556	0.937344444444	0.452581111111	0.768426666667	0.701088888889	0.554903333333	0.712623333333	0.537387777778	0.568526666667	0.810438888889	0.583395555556	0.894424444444	0.809322222222	1.00421888889	0.586865555556	0.435578888889	0.545698888889	0.984271111111	0.620777777778	0.727654444444	0.537338888889	0.595048888889	0.752522222222	0.907837777778	0.520281111111	0.895074444444	1.00658777778	0.63761	0.521428888889	0.973497777778	0.549187777778	0.842978888889	0.540842222222
b76ecf3dd46fcab94418c68c6fcd8ada	0.72766137931	0.562483793103	0.89603137931	0.736654137931	0.721081724138	0.741324827586	0.801011724138	0.868365172414	0.561912758621	0.782297241379	0.806974444444	0.0	0.74911375	0.667005555556	0.729140344828	0.429034137931	0.782151904762	0.746254642857	0.559903448276	0.863340689655	0.859178888889	0.431624137931	0.908369655172	0.779510344828	0.558383448276	0.740035172414	0.526335	0.398236896552	0.589108275862	0.764336206897	0.739674827586	0.768978965517	0.809236896552	0.831356896552	0.877695517241	0.858289310345	1.02953833333	0.761977931034	0.454469310345	0.821907931034	0.947142413793	0.847451034483	0.723634827586	0.809385517241	0.526817586207	0.764883793103	0.801665517241	0.863544482759	0.764133793103	0.60378862069	0.563676551724	0.772415862069	0.675454137931	0.80710137931	0.6387625	0.813760689655	1.32012111111	0.726140344828	0.537582068966	0.816217586207
ME10May08EB1R1.486639	0.5241225	0.68306875	0.891034375	0.57516	0.6879325	0.6127675	0.616004375	0.752110625	0.73311625	0.610916875	0.556954444444	0.74911375	0.0	0.710164444444	0.597869375	0.83865125	0.752075625	0.543999375	0.618453125	0.8285125	0.705666666667	0.842505625	0.86448625	0.69952625	0.768999375	0.62129625	0.693397	0.74215125	0.82937	0.366166875	0.67806125	0.58915375	0.650736875	0.67675625	0.645116875	0.53516875	0.74797125	0.72526	0.755853125	0.7551325	0.757919375	0.59738625	0.56478125	0.639053125	0.828474375	0.55173875	0.72019375	0.574981875	0.598009375	0.77819875	0.756120625	0.578163125	0.7165725	0.8250575	0.6311425	0.60683125	1.4272	0.4801975	0.757508125	0.5918025
mf2188.633126	0.729342222222	0.831766666667	0.78687	0.715316666667	0.623316666667	0.750533333333	0.861715555556	0.79688	0.537488888889	0.610181111111	0.835912222222	0.667005555556	0.710164444444	0.0	0.737756666667	0.761797777778	0.865281111111	0.673512222222	0.721108888889	0.800368888889	0.623367777778	0.446442222222	0.652111111111	0.469814444444	0.529265555556	0.710578888889	0.716277777778	0.675558888889	0.629271111111	0.845881111111	0.851562222222	0.747642222222	0.808527777778	0.645314444444	0.750833333333	0.719685555556	1.04466111111	0.792147777778	0.656214444444	0.849677777778	0.680842222222	0.838465555556	0.888056666667	0.78505	0.546587777778	0.749038888889	0.890015555556	0.841763333333	0.789	0.686581111111	0.768648888889	0.765618888889	0.513895555556	0.491803333333	0.618658888889	0.708135555556	1.23074111111	0.769493333333	0.380596666667	0.873666666667
920cce1ef960ffc7343eb5628636a37e	0.524174166667	0.836987222222	0.939475555556	0.467858611111	0.425380833333	0.304971111111	0.747870833333	0.655068055556	0.834828888889	0.353230555556	0.602735555556	0.729140344828	0.597869375	0.737756666667	0.0	0.825329166667	0.425762857143	0.391220357143	0.627035	0.993552222222	0.592818888889	0.843336944444	0.972183333333	0.816080833333	0.795142777778	0.526142777778	0.572354	0.795182777778	0.967247777778	0.495894444444	0.567104166667	0.592419166667	0.536902777778	0.679305277778	0.352561388889	0.58664	0.796800833333	0.457740833333	0.832488055556	0.703420277778	0.645875833333	0.723536944444	0.514963055556	0.569113333333	0.785937777778	0.498265	0.675010833333	0.580925	0.575199722222	0.690383333333	0.799330833333	0.476270833333	0.76819	0.863910555556	0.637434375	0.556319722222	1.19478555556	0.489972777778	0.772641666667	0.385487777778
cf1170.632724	0.783757350993	0.533230838852	0.877248609272	0.807667924945	0.79696803532	0.78658615894	0.861951390728	0.904711633554	0.629915077263	0.797200684327	0.84368	0.429034137931	0.83865125	0.761797777778	0.825329166667	0.0	0.867676666667	0.819885	0.652766666667	0.72184584989	0.889503333333	0.529618631347	0.881106269316	0.553708852097	0.469491081678	0.81595593819	0.670169	0.436831059603	0.763325209713	0.8324998234	0.808370859189	0.808675474614	0.83784415011	0.857376445916	0.887402759382	0.867508807947	0.978819583333	0.795822119205	0.392143333333	0.908101611479	0.933426732892	0.919142847682	0.835238476821	0.812034481236	0.379844613687	0.796369536424	0.875201015453	0.862851545254	0.775595077263	0.673279801325	0.526357461369	0.808739028698	0.521785187638	0.780703509934	0.73590875	0.837327880795	1.39181222222	0.777163465784	0.390768565121	0.844659580574
6b3f4f4e221ccf8bbfc57e52791ed288	0.601165714286	0.878119047619	0.97777	0.595105714286	0.63414952381	0.586990952381	0.777961904762	0.727338095238	0.943964761905	0.611364285714	0.676652222222	0.782151904762	0.752075625	0.865281111111	0.425762857143	0.867676666667	0.0	0.47652952381	0.763126190476	1.09147428571	0.52645	0.836054761905	1.0132252381	0.923936666667	0.911219047619	0.65152	0.647637	0.815804285714	1.03224857143	0.484220952381	0.649897619048	0.651471904762	0.626927619048	0.711517619048	0.510599047619	0.670937619048	0.961154285714	0.502005238095	0.908945238095	0.778339047619	0.760656666667	0.794680952381	0.609887619048	0.608155714286	0.903573333333	0.615305714286	0.736458571429	0.710243809524	0.717525238095	0.782594285714	0.830263809524	0.261506666667	0.771158095238	0.833162380952	0.664588125	0.530321904762	1.20764888889	0.487790952381	0.867064761905	0.319326666667
B26.737560	0.546565357143	0.749151428571	0.922538571429	0.449977857143	0.646018571429	0.469363571429	0.680451071429	0.6779125	0.796477857143	0.441202142857	0.619572222222	0.746254642857	0.543999375	0.673512222222	0.391220357143	0.819885	0.47652952381	0.0	0.636692857143	0.840980714286	0.6081	0.785567857143	0.877693928571	0.827896428571	0.828590714286	0.6135075	0.629679	0.783401071429	0.882873571429	0.3672775	0.527126428571	0.4534025	0.479163571429	0.599813214286	0.516414285714	0.6259075	0.732610416667	0.48059	0.765175	0.668103571429	0.822248214286	0.772010714286	0.502123571429	0.6189325	0.800136785714	0.583109642857	0.621331428571	0.556434285714	0.538361785714	0.778082857143	0.811245	0.443912142857	0.720994285714	0.724214642857	0.544954375	0.478858214286	1.18022888889	0.4492225	0.798521428571	0.506718928571
H60Do.735986	0.601520468498	0.601131181973	0.772162933673	0.510481403509	0.512194434524	0.571097155612	0.689606084184	0.686696207483	0.612298358844	0.499490170068	0.581131111111	0.559903448276	0.618453125	0.721108888889	0.627035	0.652766666667	0.763126190476	0.636692857143	0.0	0.717674472789	0.689895555556	0.577860948129	0.781504251701	0.590505	0.538443467742	0.569943660714	0.621953	0.549721242816	0.725553589744	0.596996636905	0.539273651551	0.508566913265	0.592138626701	0.484891794218	0.620613996599	0.632918715986	0.858517916667	0.579491352041	0.575790214646	0.746044872449	0.696966522109	0.767931268657	0.524383942134	0.551227429577	0.621560889724	0.497117631803	0.681424518736	0.596892704082	0.548428482143	0.600764276795	0.5968565	0.611510667517	0.547335486993	0.544326764456	0.658911875	0.608695221519	1.12465444444	0.535084375	0.579812233903	0.580168869048
10.8.12.rk.st.0800.1123130	0.923225621971	0.540697071689	0.493420433975	0.930073283208	0.938700472505	0.91717735947	0.983684334012	0.721000497963	0.394457231244	0.894526727002	1.03988444444	0.863340689655	0.8285125	0.800368888889	0.993552222222	0.72184584989	1.09147428571	0.840980714286	0.717674472789	0.0	0.817996666667	0.763430251527	0.248767549898	0.560686187739	0.555367598566	0.868893466395	0.816135	0.518025107759	0.445653205128	0.968892449432	0.949278615752	0.940344266802	0.907198354379	0.813493378819	1.01000937067	0.901175382892	0.627921666667	0.915170721996	0.657061483586	1.05143109697	0.783253266802	1.05465425373	0.967803471971	0.940497059859	0.685549548872	0.897922840122	1.00935181484	0.871162543788	0.948707533605	0.871344453694	0.471086181818	0.937774794297	0.591847979431	0.755214738289	0.9591025	0.912913496835	1.52391111111	0.885496041752	0.766659198423	0.964856448065
9f400082bffeb4494d4497ef084ffe94	0.467061111111	0.862643333333	0.869547777778	0.625208888889	0.557876666667	0.537006666667	0.751213333333	0.877093333333	0.775158888889	0.491927777778	0.691741111111	0.859178888889	0.705666666667	0.623367777778	0.592818888889	0.889503333333	0.52645	0.6081	0.689895555556	0.817996666667	0.0	0.750263333333	0.978193333333	0.711537777778	0.749263333333	0.58932	0.578337777778	0.723662222222	0.916078888889	0.650797777778	0.656994444444	0.688972222222	0.617643333333	0.676217777778	0.705906666667	0.694574444444	0.771746666667	0.473995555556	0.81943	0.607957777778	0.87722	0.733001111111	0.639142222222	0.630503333333	0.915563333333	0.729312222222	0.7526	0.842836666667	0.605187777778	0.751863333333	0.74619	0.610614444444	0.744064444444	0.83456	0.465617777778	0.649196666667	1.14372333333	0.582546666667	0.863871111111	0.546765555556
NA.15.T0.830848	0.701212229402	0.491591482382	0.788433810669	0.726344749373	0.755438084359	0.740362755042	0.738338517031	0.830730890451	0.517518621912	0.711411343697	0.769946666667	0.431624137931	0.842505625	0.446442222222	0.843336944444	0.529618631347	0.836054761905	0.785567857143	0.577860948129	0.763430251527	0.750263333333	0.0	0.779722124027	0.44385059387	0.527584775986	0.67379289815	0.542254	0.505212191092	0.644545346154	0.727507799945	0.717314224344	0.722419245125	0.771405389572	0.734579132982	0.821122404385	0.813472665495	0.828710833333	0.730313152565	0.41908844697	0.896618631362	0.869349897899	0.824029339019	0.714642947559	0.689740105634	0.46531273183	0.67666444305	0.792042094048	0.776426403046	0.706962679722	0.609741165453	0.502947287879	0.775649543895	0.47750661827	0.652340965771	0.686953125	0.715982958861	1.37617111111	0.712346644908	0.51918869908	0.783431990125
Zambon.Leftpalm.983763	0.963765137318	0.606505018226	0.383745803454	0.949602907268	0.973176878076	0.935331725225	1.00597013795	0.741922019144	0.485066132205	0.910514882879	1.00376555556	0.908369655172	0.86448625	0.652111111111	0.972183333333	0.881106269316	1.0132252381	0.877693928571	0.781504251701	0.248767549898	0.978193333333	0.779722124027	0.0	0.630692950192	0.637292482079	0.879310707207	0.984672	0.570655761494	0.482885089744	0.990168462178	0.943001694511	0.955548898086	0.931165059685	0.831691838401	1.02296043018	0.918104140203	0.646144583333	0.934759347973	0.662913592172	1.06524711829	0.794525356419	1.07863191898	0.977628589512	0.981247711268	0.723483859649	0.910489866693	1.03378628215	0.893768146396	0.966405082089	0.904770135276	0.505811727273	0.95372092286	0.624298784029	0.782240421734	0.89586375	0.908372547468	1.57232333333	0.910593759009	0.82717717477	0.979847739124
cf1126.633182	0.745453180077	0.417133601533	0.557576858238	0.760115670498	0.749099003831	0.808811762452	0.79295664751	0.729218333333	0.411667643678	0.752261743295	0.766207777778	0.779510344828	0.69952625	0.469814444444	0.816080833333	0.553708852097	0.923936666667	0.827896428571	0.590505	0.560686187739	0.711537777778	0.44385059387	0.630692950192	0.0	0.381819693487	0.715052586207	0.693791	0.402307318008	0.478943927203	0.7990898659	0.766574653938	0.785181915709	0.784358218391	0.662280057471	0.826976340996	0.793389923372	0.7209275	0.788071436782	0.454807854406	0.906195210728	0.762402337165	0.860737318008	0.771782164751	0.757451570881	0.508297547893	0.732664923372	0.819826130268	0.714892318008	0.743103295019	0.618014808429	0.356210689655	0.788123084291	0.288484521073	0.621727490421	0.7251225	0.707830076628	1.45690888889	0.753140632184	0.574773390805	0.832490632184
SPM1x030408.142594	0.749994523425	0.432337535842	0.641557831541	0.781093496241	0.753315017921	0.74940968638	0.825290259857	0.774074184588	0.4212625	0.740112517921	0.930523333333	0.558383448276	0.768999375	0.529265555556	0.795142777778	0.469491081678	0.911219047619	0.828590714286	0.538443467742	0.555367598566	0.749263333333	0.527584775986	0.637292482079	0.381819693487	0.0	0.703044516129	0.807113	0.12741797491	0.486541666667	0.802994668459	0.765854128878	0.774815125448	0.745029157706	0.727797275986	0.852625716846	0.771268629032	0.829057083333	0.761451514337	0.334182732975	0.895884247312	0.791789193548	0.884226268657	0.790131410488	0.781909330986	0.38590585213	0.730229032258	0.849238700717	0.729996971326	0.779150734767	0.620889979188	0.348978166667	0.784869677419	0.271329623656	0.600564310036	0.7750325	0.746624224684	1.46440333333	0.736615035842	0.426007109067	0.80692405914
ANT04.S2M1.607431	0.580821712439	0.752199931146	0.842176311762	0.557802531328	0.543487656448	0.37763975138	0.703069686518	0.47157895092	0.759426923605	0.471983762777	0.755356666667	0.740035172414	0.62129625	0.710578888889	0.526142777778	0.81595593819	0.65152	0.6135075	0.569943660714	0.868893466395	0.58932	0.67379289815	0.879310707207	0.715052586207	0.703044516129	0.0	0.646263	0.697897923851	0.816788064103	0.573234577445	0.570445059666	0.546884245167	0.419677028403	0.582688032537	0.588798608391	0.422509996049	0.7688775	0.465382424421	0.71865125	0.761890622421	0.493753056698	0.78802619403	0.597476112116	0.591970017606	0.739052518797	0.489057091372	0.725763747245	0.397842916255	0.569376129032	0.772328855359	0.769504363636	0.553914364335	0.705139945554	0.665822711711	0.574786875	0.537945316456	1.30885555556	0.465644326155	0.766555545335	0.551079715102
4d366f8db0835339ed3c686415599480	0.381243	0.761808	0.824906	0.605674	0.500364	0.594982	0.684327	0.800372	0.747982	0.643445	0.675666666667	0.526335	0.693397	0.716277777778	0.572354	0.670169	0.647637	0.629679	0.621953	0.816135	0.578337777778	0.542254	0.984672	0.693791	0.807113	0.646263	0.0	0.698667	0.748662	0.608728	0.644559	0.592889	0.67755	0.621679	0.665266	0.71653	0.845737	0.634458	0.64239	0.693121	0.773023	0.685622	0.619178	0.604811	0.695112	0.665751	0.621909	0.690449	0.560097	0.542569	0.721228	0.574789	0.74923	0.795438	0.588853	0.664805	0.959027777778	0.551368	0.62493	0.620562
SPM1x040108.142616	0.754139483037	0.400108613506	0.642664533046	0.771206290727	0.767314375	0.747091336207	0.803895581897	0.766093383621	0.430853017241	0.736060818966	0.766645555556	0.398236896552	0.74215125	0.675558888889	0.795182777778	0.436831059603	0.815804285714	0.783401071429	0.549721242816	0.518025107759	0.723662222222	0.505212191092	0.570655761494	0.402307318008	0.12741797491	0.697897923851	0.698667	0.0	0.492333551282	0.809536853448	0.76862477327	0.776418304598	0.758364432471	0.732295272989	0.843160538793	0.752077852011	0.7280675	0.755890991379	0.313638318966	0.897848369253	0.773035890805	0.888164850746	0.797085732369	0.777781795775	0.373179987469	0.730170323276	0.849956781778	0.724368635057	0.768432816092	0.624441550468	0.37075830303	0.777609166667	0.299757147989	0.600965926724	0.76663875	0.748897579114	1.42097	0.715115387931	0.447733114323	0.799305280172
50.col.lumen.TG.676359	0.922962180937	0.557383128205	0.629234833333	0.934492589744	0.931688512821	0.909442307692	0.96250824359	0.760573461538	0.443315051282	0.897656666667	0.937344444444	0.589108275862	0.82937	0.629271111111	0.967247777778	0.763325209713	1.03224857143	0.882873571429	0.725553589744	0.445653205128	0.916078888889	0.644545346154	0.482885089744	0.478943927203	0.486541666667	0.816788064103	0.748662	0.492333551282	0.0	0.938296423077	0.89738150358	0.885316525641	0.922248217949	0.822696269231	1.01083755128	0.930389333333	0.535012083333	0.917248371795	0.630924320513	1.06262638462	0.796369525641	1.05292620513	0.952004900542	0.911942112676	0.691124269231	0.848805102564	1.00922307692	0.875772846154	0.935304269231	0.785668653846	0.414437151515	0.920717025641	0.520481602564	0.710881089744	0.903628125	0.902648797468	1.55351888889	0.889775153846	0.682810381078	0.946754653846
CBE09Aug07.617917	0.46489276252	0.846404191981	0.946051113882	0.459198283208	0.546790157938	0.518827284566	0.589429991687	0.712145586035	0.868596259352	0.479868769742	0.452581111111	0.764336206897	0.366166875	0.845881111111	0.495894444444	0.8324998234	0.484220952381	0.3672775	0.596996636905	0.968892449432	0.650797777778	0.727507799945	0.990168462178	0.7990898659	0.802994668459	0.573234577445	0.608728	0.809536853448	0.938296423077	0.0	0.481864391408	0.488632371848	0.600448866722	0.591303613189	0.570810393461	0.634979634248	0.788082083333	0.518618916597	0.822045309343	0.74660511348	0.736047403713	0.584084904051	0.437713960217	0.488752887324	0.84569754386	0.511286827376	0.643171418075	0.611094247714	0.463036004433	0.696529396462	0.863264712121	0.35588573289	0.796564803388	0.750115464117	0.527764375	0.484510332278	0.977665555556	0.470033228041	0.809231498029	0.319535344971
HI.20.35e.2.281673	0.580183198091	0.816023078759	0.915493102625	0.289109665871	0.574953245823	0.525255680191	0.561436372315	0.706216587112	0.824172768496	0.49816071599	0.768426666667	0.739674827586	0.67806125	0.851562222222	0.567104166667	0.808370859189	0.649897619048	0.527126428571	0.539273651551	0.949278615752	0.656994444444	0.717314224344	0.943001694511	0.766574653938	0.765854128878	0.570445059666	0.644559	0.76862477327	0.89738150358	0.481864391408	0.0	0.305985131265	0.554915417661	0.55622575179	0.615230429594	0.630667541766	0.769605416667	0.505473054893	0.784757565632	0.715015513126	0.707887016706	0.685049689737	0.29134353222	0.306867470167	0.81501875895	0.345953651551	0.635351622912	0.613588305489	0.554304725537	0.729535131265	0.828619642005	0.519433031026	0.762565847255	0.755653174224	0.500575625	0.606628281623	1.26660444444	0.434877684964	0.779885369928	0.51436124105
TVF.2004.Loc4.D10.Rep1.414474	0.584067285945	0.813584050223	0.909226465894	0.375909097744	0.561844914921	0.507430987754	0.508208625712	0.672114468759	0.820190154392	0.457642201874	0.701088888889	0.768978965517	0.58915375	0.747642222222	0.592419166667	0.808675474614	0.651471904762	0.4534025	0.508566913265	0.940344266802	0.688972222222	0.722419245125	0.955548898086	0.785181915709	0.774815125448	0.546884245167	0.592889	0.776418304598	0.885316525641	0.488632371848	0.305985131265	0.0	0.57531858382	0.551945884641	0.608840665515	0.623223902386	0.807650416667	0.509574921608	0.782958150253	0.73585889271	0.689164688282	0.706602238806	0.323499421338	0.320737640845	0.816551541353	0.352975678591	0.668299919177	0.592287779167	0.573613674614	0.733425900104	0.826175530303	0.511812271552	0.762801603146	0.737005644525	0.61255625	0.597575617089	1.22425444444	0.451003040173	0.77518370565	0.497873805478
1204BCDNA.486523	0.64694450727	0.793017290401	0.884768088107	0.551589912281	0.60721718605	0.420597101071	0.743604101368	0.46107313548	0.802270504346	0.48799024276	0.554903333333	0.809236896552	0.650736875	0.808527777778	0.536902777778	0.83784415011	0.626927619048	0.479163571429	0.592138626701	0.907198354379	0.617643333333	0.771405389572	0.931165059685	0.784358218391	0.745029157706	0.419677028403	0.67755	0.758364432471	0.922248217949	0.600448866722	0.554915417661	0.57531858382	0.0	0.607102034489	0.618208865511	0.338885536823	0.903059583333	0.485738456958	0.774530877525	0.78314573934	0.468307903604	0.812355405117	0.584530325497	0.650932640845	0.806391365915	0.55921067926	0.759356340926	0.273024782377	0.652111225146	0.808347960458	0.791907333333	0.555084963803	0.754760556564	0.715286063906	0.66607875	0.51944931962	1.24718333333	0.491131937244	0.798710197109	0.549309359895
nest.WY.2008.3.712186.739059	0.639771211632	0.701672616444	0.79044885986	0.517223847118	0.621385009141	0.621775741008	0.633537026411	0.555136296263	0.707788509835	0.478018279387	0.712623333333	0.831356896552	0.67675625	0.645314444444	0.679305277778	0.857376445916	0.711517619048	0.599813214286	0.484891794218	0.813493378819	0.676217777778	0.734579132982	0.831691838401	0.662280057471	0.727797275986	0.582688032537	0.621679	0.732295272989	0.822696269231	0.591303613189	0.55622575179	0.551945884641	0.607102034489	0.0	0.678474727389	0.610396797577	0.644222083333	0.617101449518	0.760555789141	0.77761752751	0.584098732047	0.735354733475	0.568162603978	0.579762059859	0.7793360401	0.459629171356	0.66897943424	0.546727313182	0.648807017573	0.750124724246	0.704910772727	0.633908367437	0.722006521476	0.739619088488	0.6181275	0.591099382911	1.30220222222	0.556562712873	0.824374730618	0.604050832723
E3E04.826190	0.573634087237	0.88269236533	0.979822306515	0.562248446115	0.422611372521	0.441100888334	0.733392580615	0.758548128664	0.903221471866	0.430295185264	0.537387777778	0.877695517241	0.645116875	0.750833333333	0.352561388889	0.887402759382	0.510599047619	0.516414285714	0.620613996599	1.01000937067	0.705906666667	0.821122404385	1.02296043018	0.826976340996	0.852625716846	0.588798608391	0.665266	0.843160538793	1.01083755128	0.570810393461	0.615230429594	0.608840665515	0.618208865511	0.678474727389	0.0	0.664869545728	0.871412916667	0.510909283381	0.865461041667	0.735361791609	0.770310218794	0.749165906183	0.59443358047	0.623548521127	0.889590839599	0.630500389202	0.675676289493	0.627242004519	0.428658972032	0.762709448491	0.911258787879	0.547179204033	0.858106969147	0.67786798583	0.603465	0.560845427215	1.09616888889	0.52106528277	0.833965978975	0.51313937088
sp1017.486420	0.694517156704	0.777730643985	0.88053114014	0.606949223058	0.611115118127	0.462606987279	0.78811926933	0.392089396246	0.797515300778	0.513764271721	0.568526666667	0.858289310345	0.53516875	0.719685555556	0.58664	0.867508807947	0.670937619048	0.6259075	0.632918715986	0.901175382892	0.694574444444	0.813472665495	0.918104140203	0.793389923372	0.771268629032	0.422509996049	0.71653	0.752077852011	0.930389333333	0.634979634248	0.630667541766	0.623223902386	0.338885536823	0.610396797577	0.664869545728	0.0	0.667256666667	0.529817385362	0.764313169192	0.697139360385	0.302298796443	0.744770565032	0.657024122966	0.667367130282	0.801519586466	0.600180021436	0.684339059515	0.207751284531	0.686856577015	0.845393028096	0.772005924242	0.587281100687	0.750150090744	0.753241018497	0.47571375	0.531461139241	1.30121333333	0.534956357709	0.828745886991	0.574015629852
WT07L.478428	0.808615	0.8246825	0.627033333333	0.7870975	0.980914583333	0.785995	0.964570833333	0.628082916667	0.656216666667	0.855659583333	0.810438888889	1.02953833333	0.74797125	1.04466111111	0.796800833333	0.978819583333	0.961154285714	0.732610416667	0.858517916667	0.627921666667	0.771746666667	0.828710833333	0.646144583333	0.7209275	0.829057083333	0.7688775	0.845737	0.7280675	0.535012083333	0.788082083333	0.769605416667	0.807650416667	0.903059583333	0.644222083333	0.871412916667	0.667256666667	0.0	0.853385833333	0.935997916667	0.976610416667	0.777705416667	1.00897666667	0.835045416667	0.8251925	0.751735416667	0.7679375	1.03705625	0.726520833333	0.872799166667	0.892065416667	0.715018333333	0.794950416667	0.83244125	0.743201666667	0.87938	0.81229	1.51096555556	0.816624166667	0.949167083333	0.86629875
SE.20101009.GY.ALTFF002.BC.225.415346	0.58769904685	0.806797424058	0.895052031045	0.475135075188	0.507648412319	0.287368417516	0.651725140677	0.619962835666	0.810829635178	0.415849940375	0.583395555556	0.761977931034	0.72526	0.792147777778	0.457740833333	0.795822119205	0.502005238095	0.48059	0.579491352041	0.915170721996	0.473995555556	0.730313152565	0.934759347973	0.788071436782	0.761451514337	0.465382424421	0.634458	0.755890991379	0.917248371795	0.518618916597	0.505473054893	0.509574921608	0.485738456958	0.617101449518	0.510909283381	0.529817385362	0.853385833333	0.0	0.773400037879	0.67942752751	0.633658075322	0.730111375267	0.519229529837	0.555149348592	0.788345075188	0.511297508039	0.662917340191	0.528667633485	0.560584270275	0.74809182102	0.814392106061	0.420826500332	0.76457707804	0.728946670154	0.486454375	0.532347294304	1.08029333333	0.236532964948	0.760345045992	0.432345574191
TS152.2.299097	0.773266219709	0.327159760101	0.640262417929	0.777174699248	0.787672335859	0.768724393939	0.836358964646	0.788616319444	0.443655877525	0.761300890152	0.894424444444	0.454469310345	0.755853125	0.656214444444	0.832488055556	0.392143333333	0.908945238095	0.765175	0.575790214646	0.657061483586	0.81943	0.41908844697	0.662913592172	0.454807854406	0.334182732975	0.71865125	0.64239	0.313638318966	0.630924320513	0.822045309343	0.784757565632	0.782958150253	0.774530877525	0.760555789141	0.865461041667	0.764313169192	0.935997916667	0.773400037879	0.0	0.910692348485	0.799781401515	0.910000927505	0.799716148282	0.810205880282	0.217402531328	0.749119255051	0.865445363703	0.742328819444	0.794771275253	0.688884536941	0.467266136364	0.786561818182	0.363123099747	0.694549766414	0.66384125	0.756189541139	1.42464777778	0.749452064394	0.455621156373	0.812170921717
must.18.1128116	0.728258012924	0.943824487647	1.03068501719	0.698341453634	0.648200618982	0.695198603851	0.823111808803	0.856764013067	0.953288462861	0.707920742779	0.809322222222	0.821907931034	0.7551325	0.849677777778	0.703420277778	0.908101611479	0.778339047619	0.668103571429	0.746044872449	1.05143109697	0.607957777778	0.896618631362	1.06524711829	0.906195210728	0.895884247312	0.761890622421	0.693121	0.897848369253	1.06262638462	0.74660511348	0.715015513126	0.73585889271	0.78314573934	0.77761752751	0.735361791609	0.697139360385	0.976610416667	0.67942752751	0.910692348485	0.0	0.835650096286	0.587243933902	0.732686292948	0.727336161972	0.938852092732	0.750384917469	0.276184393828	0.807401946355	0.737957826685	0.871960239334	0.944724818182	0.710763727648	0.877948868724	0.902144133425	0.703653125	0.7807425	1.32316222222	0.672403968363	0.866806018397	0.673749229711
sp1565.486407	0.759233311793	0.729628270555	0.764307626804	0.687942067669	0.706517284489	0.562658569395	0.844648879899	0.215465153885	0.69735081656	0.622382655451	1.00421888889	0.947142413793	0.757919375	0.680842222222	0.645875833333	0.933426732892	0.760656666667	0.822248214286	0.696966522109	0.783253266802	0.87722	0.869349897899	0.794525356419	0.762402337165	0.791789193548	0.493753056698	0.773023	0.773035890805	0.796369525641	0.736047403713	0.707887016706	0.689164688282	0.468307903604	0.584098732047	0.770310218794	0.302298796443	0.777705416667	0.633658075322	0.799781401515	0.835650096286	0.0	0.859514402985	0.712125479204	0.727506901408	0.831604611529	0.662829705252	0.805421256429	0.308011798814	0.766088373072	0.909373111342	0.722230257576	0.701284192953	0.775411820932	0.822892473492	0.58726	0.662040838608	1.24855333333	0.63608760091	0.885776675427	0.694496858796
F32Hair.140769	0.462092778675	0.947138187633	1.03439993603	0.670803045113	0.699360735608	0.736867665245	0.712605138593	0.859396343284	0.958332803838	0.708030191898	0.586865555556	0.847451034483	0.59738625	0.838465555556	0.723536944444	0.919142847682	0.794680952381	0.772010714286	0.767931268657	1.05465425373	0.733001111111	0.824029339019	1.07863191898	0.860737318008	0.884226268657	0.78802619403	0.685622	0.888164850746	1.05292620513	0.584084904051	0.685049689737	0.706602238806	0.812355405117	0.735354733475	0.749165906183	0.744770565032	1.00897666667	0.730111375267	0.910000927505	0.587243933902	0.859514402985	0.0	0.617201139241	0.659640704225	0.927085175439	0.743048923241	0.416038134328	0.802261663113	0.604253049041	0.774788624733	0.951036484848	0.73284858209	0.889426791045	0.895304339019	0.677995	0.711070079114	1.24369333333	0.681780607676	0.884100407359	0.689263891258
Calh5.385340	0.495017594937	0.823439186257	0.928975316456	0.306633453888	0.589444177215	0.53194522604	0.581425081374	0.716413652803	0.843979819168	0.500474611212	0.435578888889	0.723634827586	0.56478125	0.888056666667	0.514963055556	0.835238476821	0.609887619048	0.502123571429	0.524383942134	0.967803471971	0.639142222222	0.714642947559	0.977628589512	0.771782164751	0.790131410488	0.597476112116	0.619178	0.797085732369	0.952004900542	0.437713960217	0.29134353222	0.323499421338	0.584530325497	0.568162603978	0.59443358047	0.657024122966	0.835045416667	0.519229529837	0.799716148282	0.732686292948	0.712125479204	0.617201139241	0.0	0.26795960217	0.844381211573	0.416453128391	0.589684231465	0.60696875226	0.481113327306	0.679317631103	0.844655207957	0.526646437613	0.781864231465	0.72877124774	0.527504375	0.624999819168	1.40900222222	0.484170361664	0.797086726944	0.509778860759
FL.3.26a.1.281867	0.53959346831	0.817731408451	0.930766989437	0.336714735915	0.593201408451	0.548679929577	0.529983767606	0.700048080986	0.837777394366	0.533058996479	0.545698888889	0.809385517241	0.639053125	0.78505	0.569113333333	0.812034481236	0.608155714286	0.6189325	0.551227429577	0.940497059859	0.630503333333	0.689740105634	0.981247711268	0.757451570881	0.781909330986	0.591970017606	0.604811	0.777781795775	0.911942112676	0.488752887324	0.306867470167	0.320737640845	0.650932640845	0.579762059859	0.623548521127	0.667367130282	0.8251925	0.555149348592	0.810205880282	0.727336161972	0.727506901408	0.659640704225	0.26795960217	0.0	0.825043433099	0.403443873239	0.635206003521	0.642976320423	0.554922764085	0.700486109155	0.843578855634	0.549188556338	0.760804383803	0.75259459507	0.56239625	0.628166285211	1.05382111111	0.4800925	0.783686197183	0.528632992958
